97	(0, 0.006)
108	(0, 0.006)
100	(0, 0.0)	(1, 0.0)
120	(0, 0.0)	(1, 0.0)
47	(0, 0.0)	(1, 0.0)
38	(0, 0.0)	(1, 0.0)
113	(0, 0.0)	(1, 0.0)
68	(0, 0.006)
154	(0, 0.006)
58	(0, 0.0)	(1, 0.0)
132	(0, 0.006)
111	(0, 0.006)
53	(0, 0.0)	(1, 0.0)
160	(0, 0.0)	(1, 0.0)
155	(0, 0.006)
117	(0, 0.017)
126	(0, 0.006)
110	(0, 0.0)	(1, 0.0)
137	(0, 0.006)
34	(0, 0.006)
19	(0, 0.006)
78	(0, 0.006)
127	(0, 0.006)
156	(0, 0.006)
133	(0, 0.006)
152	(0, 0.006)
10	(0, 0.011)
13	(0, 0.011)
0	(0, 0.006)
18	(0, 0.006)
147	(0, 0.011)
151	(0, 0.0)	(1, 0.0)
71	(0, 0.006)
136	(0, 0.006)
87	(0, 0.006)
62	(0, 0.006)
2	(0, 0.006)
3	(0, 0.006)
99	(0, 0.006)
61	(0, 0.006)
27	(0, 0.006)
74	(0, 0.006)
35	(0, 0.006)
51	(0, 0.006)
1	(0, 0.0)	(1, 0.0)
49	(0, 0.006)
12	(0, 0.006)
90	(0, 0.006)
141	(0, 0.006)
143	(0, 0.006)
80	(0, 0.006)
84	(0, 0.006)
41	(0, 0.006)
138	(0, 0.006)
22	(0, 0.006)
163	(0, 0.006)
145	(0, 0.006)
102	(0, 0.006)
75	(0, 0.006)
69	(0, 0.006)
93	(0, 0.006)
115	(0, 0.006)
118	(0, 0.006)
33	(0, 0.006)
56	(0, 0.006)
122	(0, 0.006)
73	(0, 0.006)
134	(0, 0.006)
146	(0, 0.006)
82	(0, 0.006)
124	(0, 0.006)
36	(0, 0.006)
149	(0, 0.006)
57	(0, 0.006)
142	(0, 0.006)
17	(0, 0.006)
28	(0, 0.006)
114	(0, 0.006)
67	(0, 0.006)
29	(0, 0.006)
24	(0, 0.0)	(1, 0.0)
48	(0, 0.006)
31	(0, 0.006)
70	(0, 0.006)
65	(0, 0.006)
106	(0, 0.011)
6	(0, 0.006)
129	(0, 0.0)	(1, 0.0)
7	(0, 0.006)
116	(0, 0.0)	(1, 0.0)
139	(0, 0.006)
83	(0, 0.006)
128	(0, 0.011)
66	(0, 0.006)
101	(0, 0.006)
104	(0, 0.006)
162	(0, 0.006)
121	(0, 0.006)
59	(0, 0.011)
72	(0, 0.0)	(1, 0.0)
45	(0, 0.0)	(1, 0.0)
81	(0, 0.006)
4	(0, 0.006)
107	(0, 0.006)
50	(0, 0.006)
60	(0, 0.006)
39	(0, 0.006)
76	(0, 0.006)
131	(0, 0.006)
135	(0, 0.006)
14	(0, 0.006)
95	(0, 0.006)
40	(0, 0.0)	(1, 0.0)
16	(0, 0.006)
119	(0, 0.006)
88	(0, 0.006)
5	(0, 0.006)
26	(0, 0.006)
144	(0, 0.006)
85	(0, 0.0)	(1, 0.0)
140	(0, 0.006)
125	(0, 0.006)
112	(0, 0.006)
32	(0, 0.006)
63	(0, 0.0)	(1, 0.0)
77	(1, 0.024)
52	(1, 0.012)
37	(1, 0.012)
25	(1, 0.012)
30	(1, 0.012)
43	(1, 0.012)
9	(1, 0.012)
159	(1, 0.012)
15	(1, 0.012)
148	(1, 0.012)
11	(1, 0.012)
103	(1, 0.012)
109	(1, 0.012)
44	(1, 0.012)
46	(1, 0.012)
86	(1, 0.012)
157	(1, 0.012)
123	(1, 0.012)
55	(1, 0.012)
20	(1, 0.012)
64	(1, 0.012)
23	(1, 0.012)
105	(1, 0.012)
92	(1, 0.012)
94	(1, 0.012)
153	(1, 0.012)
150	(1, 0.012)
130	(1, 0.012)
161	(1, 0.012)
98	(1, 0.012)
79	(1, 0.012)
96	(1, 0.012)
8	(1, 0.012)
91	(1, 0.012)
54	(1, 0.012)
158	(1, 0.012)
89	(1, 0.012)
42	(1, 0.012)
21	(1, 0.012)
